model new
model large-strain off
model config fluid
model fluid active on
model configure plugins
[global size = 1]
[global k = 2.8e-7]
zone create brick size [size], [size], [size] ...;5 zones in each axis
                  point 0   0,   0,   0,...
                  point 1   1,   0,   0 ... ;1m x 1m x 1m dimension
                  point 2   0,   1,   0 ...
                  point 3   0,   0,   1
zone face skin

;=======materila properties========
zone cmodel assign anisotropic-strain-softening
zone property Ex 1.89e5 Ey 1.81e5 Ez 1.9e5 nuxy 0.4 nuyz 0.4 nuzx 0.4 friction-x 26 friction-y 25 friction-z 26  cohesion-x 487 cohesion-y 472 cohesion-z 490
zone property Kx 2.9e5 Ky 2.86e5 Kz 2.96e5 Gx 6.89e4 Gy 6.5e4 Gz 6.5e4 dilation-x 12.13 dilation-y 10.73 dilation-z 11.89
zone property table-friction-x 'fricx' table-friction-y 'fricy' table-friction-z 'fricz' table-dilation-x 'dilx' table-dilation-y 'dily' table-dilation-z 'dilz' ...
table-cohesion-x 'cohx' table-cohesion-y 'cohy' table-cohesion-z 'cohz'

table 'cohx' add (0.000617713,398.886)(0.00162529,426.295)(0.0029779,446.475)(0.00456088,462.404)(0.00633785,474.875)(0.00830251,483.422)(0.010461,487.679)(0.0128345,487.582)(0.0155867,481.806)(0.0186417,472.827)(0.022008,461.398)(0.025686,445.804)(0.0292117,429.058)(0.0326074,412.794)(0.0359306,397.324)(0.039135,383.914)(0.0422418,371.4)(0.0452214,360.524)(0.048119,351.194)(0.0509431,343.172)(0.0536917,336.416)(0.0563797,330.428)(0.0590066,325.411)(0.0615879,321.154)(0.0641342,317.472)(0.0666485,314.332)(0.0691361,311.564)(0.0715949,309.178)(0.074032,307.108)(0.0764531,305.255)(0.0788595,303.615)(0.0812524,302.135)(0.0836318,300.816)(0.0860005,299.636)(0.0883595,298.565)(0.09071,297.592)(0.0930535,296.696)(0.0953893,295.878)(0.0977187,295.127)(0.100042,294.432)(0.102359,293.793)(0.104672,293.193)(0.10698,292.64)(0.109284,292.122)(0.111583,291.636)(0.113878,291.183)(0.116171,290.753)
table 'cohy' add (0.000143777,346.696)(0.000721474,385.876)(0.00186553,412.74)(0.003339,432.566)(0.00499237,448.216)(0.00678493,460.441)(0.00872515,468.775)(0.010836,472.854)(0.0131019,472.608)(0.0156721,466.717)(0.0184841,457.635)(0.0215937,446.209)(0.0250212,430.885)(0.0283362,414.573)(0.0315596,398.753)(0.0347362,383.707)(0.0378312,370.681)(0.0408498,358.558)(0.0437572,348.033)(0.0465907,339.003)(0.0493569,331.242)(0.0520505,324.709)(0.0546838,318.924)(0.0572548,314.077)(0.0597779,309.963)(0.0622665,306.406)(0.0647236,303.372)(0.067154,300.699)(0.0695545,298.394)(0.0719322,296.394)(0.0742941,294.603)(0.0766418,293.018)(0.078976,291.588)(0.0812968,290.313)(0.0836067,289.172)(0.0859071,288.136)(0.0881995,287.196)(0.0904849,286.33)(0.0927628,285.539)(0.0950346,284.812)(0.0973003,284.139)(0.0995607,283.52)(0.101817,282.94)(0.104068,282.404)(0.106315,281.903)(0.108559,281.432)(0.110798,280.994)
table 'cohz' add (0.000117024,358.698)(0.000621426,399.225)(0.00166233,427.323)(0.00304407,448.202)(0.00463283,464.659)(0.0063875,477.398)(0.00830151,485.9)(0.0103883,489.783)(0.0126527,488.94)(0.0152626,481.929)(0.0181739,471.385)(0.0214318,458.602)(0.0250479,442.456)(0.0285226,425.818)(0.0318749,409.747)(0.0351663,394.447)(0.0383472,381.25)(0.0414362,369.074)(0.0443991,358.532)(0.04728,349.473)(0.0500882,341.688)(0.0528191,335.145)(0.0554879,329.363)(0.0580932,324.516)(0.0606503,320.395)(0.0631721,316.832)(0.0656612,313.793)(0.0681231,311.115)(0.0705552,308.805)(0.0729647,306.798)(0.0753582,305)(0.0777368,303.407)(0.0801017,301.97)(0.082453,300.688)(0.0847933,299.54)(0.0871239,298.496)(0.0894461,297.548)(0.0917612,296.674)(0.0940686,295.876)(0.0963697,295.141)(0.0986645,294.461)(0.100954,293.835)(0.103238,293.247)(0.105518,292.704)(0.107794,292.195)(0.110065,291.718)(0.112333,291.272)
table 'dilx' add (0.000617713,-2.57721)(0.00162529,0.127439)(0.0029779,1.79928)(0.00456088,3.07522)(0.00633785,4.28563)(0.00830251,5.44134)(0.010461,6.57662)(0.0128345,8.07137)(0.0155867,9.58517)(0.0186417,10.8817)(0.022008,12.0601)(0.025686,12.138)(0.0292117,11.3059)(0.0326074,10.5872)(0.0359306,10.0284)(0.039135,9.45463)(0.0422418,8.68202)(0.0452214,8.00076)(0.048119,7.47727)(0.0509431,6.97151)(0.0536917,6.54832)(0.0563797,6.1367)(0.0590066,5.77437)(0.0615879,5.48952)(0.0641342,5.2434)(0.0666485,5.0301)(0.0691361,4.81985)(0.0715949,4.635)(0.074032,4.48584)(0.0764531,4.35822)(0.0788595,4.24601)(0.0812524,4.14071)(0.0836318,4.05038)(0.0860005,3.97198)(0.0883595,3.90235)(0.09071,3.84356)(0.0930535,3.78745)(0.0953893,3.73734)(0.0977187,3.6921)(0.100042,3.65009)(0.102359,3.61551)(0.104672,3.58193)(0.10698,3.55169)(0.109284,3.52311)(0.111583,3.4955)(0.113878,3.47311)(0.116171,3.45031)
table 'dily' add (0.000721474,-1.7162)(0.00186553,0.86717)(0.003339,2.2342)(0.00499237,3.16977)(0.00678493,4.09924)(0.00872515,5.019)(0.010836,5.86834)(0.0131019,6.99481)(0.0156721,8.13674)(0.0184841,9.3015)(0.0215937,10.5447)(0.0250212,10.7301)(0.0283362,10.029)(0.0315596,9.42392)(0.0347362,9.01247)(0.0378312,8.54971)(0.0408498,7.82081)(0.0437572,7.17294)(0.0465907,6.67794)(0.0493569,6.19723)(0.0520505,5.7893)(0.0546838,5.38338)(0.0572548,5.02614)(0.0597779,4.74745)(0.0622665,4.50988)(0.0647236,4.30057)(0.067154,4.08986)(0.0695545,3.90344)(0.0719322,3.75324)(0.0742941,3.62676)(0.0766418,3.51356)(0.078976,3.40681)(0.0812968,3.3155)(0.0836067,3.23576)(0.0859071,3.16612)(0.0881995,3.10635)(0.0904849,3.04934)(0.0927628,2.99853)(0.0950346,2.95244)(0.0973003,2.91048)(0.0995607,2.87537)(0.101817,2.84173)(0.104068,2.81136)(0.106315,2.78211)(0.108559,2.75459)(0.110798,2.73178)
table 'dilz' add (0.000621426,-2.48803)(0.00166233,0.183616)(0.00304407,1.76599)(0.00463283,2.93864)(0.0063875,4.06133)(0.00830151,5.15528)(0.0103883,6.22628)(0.0126527,7.66518)(0.0152626,9.17745)(0.0181739,10.5314)(0.0214318,11.787)(0.0250479,11.8902)(0.0285226,11.0612)(0.0318749,10.3758)(0.0351663,9.85127)(0.0383472,9.2941)(0.0414362,8.52388)(0.0443991,7.84736)(0.04728,7.32992)(0.0500882,6.82255)(0.0528191,6.39599)(0.0554879,5.97941)(0.0580932,5.61178)(0.0606503,5.32343)(0.0631721,5.0738)(0.0656612,4.85706)(0.0681231,4.64342)(0.0705552,4.45523)(0.0729647,4.3036)(0.0753582,4.17399)(0.0777368,4.05986)(0.0801017,3.95284)(0.082453,3.86104)(0.0847933,3.78152)(0.0871239,3.71091)(0.0894461,3.65114)(0.0917612,3.59417)(0.0940686,3.54319)(0.0963697,3.49727)(0.0986645,3.45463)(0.100954,3.41943)(0.103238,3.38539)(0.105518,3.35464)(0.107794,3.32561)(0.110065,3.29756)(0.112333,3.27479)
table 'fricx' add (0.000123573,19.7356)(0.000617713,21.7464)(0.00162529,23.0883)(0.0029779,24.0595)(0.00456088,24.816)(0.00633785,25.4019)(0.00830251,25.8002)(0.010461,25.9975)(0.0128345,25.9931)(0.0155867,25.725)(0.0186417,25.306)(0.022008,24.7685)(0.025686,24.0275)(0.0292117,23.2221)(0.0326074,22.4305)(0.0359306,21.6691)(0.039135,21.0025)(0.0422418,20.375)(0.0452214,19.8255)(0.048119,19.351)(0.0509431,18.9408)(0.0536917,18.5937)(0.0563797,18.285)(0.0590066,18.0255)(0.0615879,17.8046)(0.0641342,17.6132)(0.0666485,17.4496)(0.0691361,17.3052)(0.0715949,17.1805)(0.074032,17.0722)(0.0764531,16.9751)(0.0788595,16.8891)(0.0812524,16.8114)(0.0836318,16.7421)(0.0860005,16.6801)(0.0883595,16.6238)(0.09071,16.5726)(0.0930535,16.5254)(0.0953893,16.4823)(0.0977187,16.4428)(0.100042,16.4061)(0.102359,16.3724)(0.104672,16.3408)(0.10698,16.3116)(0.109284,16.2842)(0.111583,16.2586)(0.113878,16.2347)(0.116171,16.212)
table 'fricy' add (0.000143777,19.1212)(0.000721474,21.1004)(0.00186553,22.4279)(0.003339,23.3917)(0.00499237,24.1427)(0.00678493,24.7233)(0.00872515,25.116)(0.010836,25.3073)(0.0131019,25.2958)(0.0156721,25.0193)(0.0184841,24.5905)(0.0215937,24.0468)(0.0250212,23.3105)(0.0283362,22.5176)(0.0315596,21.7398)(0.0347362,20.9921)(0.0378312,20.3388)(0.0408498,19.7257)(0.0437572,19.1896)(0.0465907,18.7268)(0.0493569,18.327)(0.0520505,17.9891)(0.0546838,17.6887)(0.0572548,17.4363)(0.0597779,17.2215)(0.0622665,17.0354)(0.0647236,16.8763)(0.067154,16.736)(0.0695545,16.6148)(0.0719322,16.5095)(0.0742941,16.4151)(0.0766418,16.3315)(0.078976,16.256)(0.0812968,16.1887)(0.0836067,16.1284)(0.0859071,16.0736)(0.0881995,16.0239)(0.0904849,15.978)(0.0927628,15.9361)(0.0950346,15.8976)(0.0973003,15.8619)(0.0995607,15.8291)(0.101817,15.7983)(0.104068,15.7699)(0.106315,15.7433)(0.108559,15.7183)(0.110798,15.695)
table 'fricz' add (0.000117024,19.7328)(0.000621426,21.7631)(0.00166233,23.1381)(0.00304407,24.142)(0.00463283,24.9224)(0.0063875,25.5197)(0.00830151,25.9151)(0.0103883,26.0948)(0.0126527,26.0558)(0.0152626,25.7308)(0.0181739,25.2385)(0.0214318,24.6363)(0.0250479,23.8673)(0.0285226,23.0652)(0.0318749,22.2812)(0.0351663,21.5266)(0.0383472,20.8693)(0.0414362,20.2578)(0.0443991,19.7244)(0.04728,19.2631)(0.0500882,18.8647)(0.0528191,18.5283)(0.0554879,18.23)(0.0580932,17.9791)(0.0606503,17.7652)(0.0631721,17.5799)(0.0656612,17.4215)(0.0681231,17.2817)(0.0705552,17.161)(0.0729647,17.0559)(0.0753582,16.9617)(0.0777368,16.8782)(0.0801017,16.8027)(0.082453,16.7354)(0.0847933,16.6751)(0.0871239,16.6202)(0.0894461,16.5703)(0.0917612,16.5243)(0.0940686,16.4822)(0.0963697,16.4435)(0.0986645,16.4076)(0.100954,16.3746)(0.103238,16.3436)(0.105518,16.315)(0.107794,16.2881)(0.110065,16.2629)(0.112333,16.2394)

;=======fluid boundary condition=======
zone fluid cmodel assign anisotropic
zone fluid property permeability-xx  [k]
zone fluid property permeability-yy 2.61E-7
zone fluid property permeability-zz 2.49E-7

zone fluid biot off ;[off] compressible water [on] imcompressible water / compressible grain
zone initialize fluid-density 1
zone gridpoint initialize fluid-tension -1e15 ; fluid tension limit, water is unbreakable
zone gridpoint initialize fluid-modulus 2e4 ;compressibility of water (opposite force)
;;=========saturation====================
zone gridpoint initialize saturation 1.0;fully saturated cube
zone gridpoint initialize pore-pressure 981
;zone gridpoint fix pore-pressure 981
zone face apply pore-pressure 981
;=======boundary condition=======
zone gridpoint initialize velocity (0,0,0)
zone gridpoint initialize displacement (0,0,0)
zone initialize stress xx -2000. yy -2000. zz -2000.
zone face apply stress-norm -2000. range group 'Top' or 'Bottom'
zone face apply stress-norm -2000. range group 'West' or 'East'
zone face apply velocity-y 0 range group 'South'


program call 'fish aniso'
zone face apply velocity-y -1e-5 range group 'North'
history interval 300


model fluid active on
model mechanical slave on
model fluid substep 1
model mechanical substep 1
model fluid timestep fix 1e-5
zone gridpoint initialize fluid-modulus 5e4
model cycle 3000
[update_perm_y]
zone gridpoint initialize fluid-modulus 2e4
model fluid timestep fix 3e-3
history interval 500
model cycle 1000
[update_perm_y]
model cycle 1500
[update_perm_y]
model cycle 2000
[update_perm_y]
model cycle 4000
[update_perm_y]
model cycle 2000


model save '109_y_aniso'



history export '8' vs '6' table '109_y_qa_aniso
history export '10' vs '6' table '109_y_vol_aniso'
history export '12' vs '6' table '109_y_pp_aniso'
table '109_y_qa_aniso' export '109_y_qa_aniso' truncate
table '109_y_vol_aniso' export '109_y_vol_aniso' truncate
table '109_y_pp_aniso' export '109_y_pp_aniso' truncate



