0,998.7842,997.8285,998.86066,176561.98303030303,201910.10909090907,172535.62666666665,0.3941129952716883,0.3783627257717749,0.3986690338528139,277909.43040859373,276656.0255645403,283782.3310202032,63324.12925965666,73242.7340480552,61678.50380993818,24.97313264232143,27.539300107874112,24.414897060922016,9.850689906109162,11.833536186130486,9.37402059289125,465.7368949344656,521.4391548551029,453.9336589957404
1,991.26514,998.5946,994.91064,260182.42424242425,231120.96872727273,245145.3139393939,0.3527408692121212,0.3613314240022165,0.3593531515151515,294472.31653296395,277785.800981768,290497.4605786051,96168.61224646916,84887.84018802478,90169.84058416018,33.07800228226549,30.250996775662813,31.674465049429955,21.101845822605497,17.19040090506116,18.727351391056427,651.3448458830153,583.2060774134468,616.9970899400308
2,992.7792,990.3425,989.31415,267242.4921212121,279727.23393939395,286242.016969697,0.34185208484848484,0.3446459653679653,0.3425145738147186,281637.7017102184,300096.52318969875,302929.6359915591,99579.71341952634,104015.19847748398,106606.67025622974,35.00608274006791,34.25651420070848,35.867697978322525,22.87462392879057,22.520955694390675,25.804560067923855,700.3657649473832,681.0421797562362,723.0204307815825
3,1008.63947,1006.324,1000.8408,233601.04242424242,217313.70472727274,225673.7793939394,0.3594517408872727,0.3737361833952554,0.3693879111457402,277011.66358439415,286851.38594581175,287969.4896207142,85917.37220174441,79095.86547766814,82399.50767679937,30.712139667573936,28.87117365448701,29.567665988028182,16.951496267148215,15.03709933070495,15.383674382970995,594.0431594129986,551.3734078492355,567.3328504920333
4,1001.9275,1005.66534,1000.5819,186330.41454545455,196795.54424242428,200900.80387878782,0.3902858080588745,0.38215514867047623,0.3860709985932468,283054.25707891793,278325.75631176645,293897.6634543428,67011.55023858375,71191.55343440497,72471.32509181937,25.844487750712474,27.06089163889149,27.216988234906623,11.3805839722839,12.395684075516508,13.500615476652289,484.37715904544956,510.8648444585329,514.3050622832675
5,1000.2605,1000.4132,1000.88086,180110.39030303032,185448.22884848484,186828.3481212121,0.3922531292051948,0.3889399507574026,0.38941483678372296,278601.1153957861,278300.2380441884,281575.3679298165,64683.06176688258,66758.9080245543,67232.74546056036,25.23604975960947,25.87981625447364,25.946767311622025,10.400155109914637,10.521000720874474,11.567281023535626,471.3330172600457,485.1386524340444,486.58300971784666
6,996.7234,988.819,997.10364,213445.26545454544,243878.5260606061,221202.6715151515,0.3771835333207273,0.3622501823930736,0.3730552078798788,289653.4306103323,295074.22743808565,290418.4669845022,77493.39877012491,89513.11925397695,80551.26634591351,28.598769447730007,31.079830623892306,29.283371864355203,13.875765217532305,18.09034774739285,15.349487530070041,545.1898381387301,602.7585469635371,560.7922806579702
7,990.2535,993.1958,987.8689,296457.376969697,297228.36848484847,314334.20121212123,0.33834522635151515,0.3315286238566234,0.3223290935064936,305648.6468857577,294044.3804055018,294865.57236239617,110755.19646671222,111611.70821246029,118856.2676098216,36.579756437100244,36.18851570660037,38.683459616984294,27.0492758034583,26.88966393589512,29.682613946022173,742.1174958521063,731.58160050374,800.6772060901812
8,990.0231,986.2803,988.48254,300418.8848484849,291105.7357575758,287152.7272727273,0.3350027909818182,0.33179418787878784,0.33336329956709954,303458.5520528212,288442.01050139667,287204.3658717256,112516.20104387347,109290.81175118874,107679.85265754526,35.42185306657912,36.6518536240024,35.8843041811846,25.265080364989966,25.885933993365427,25.779961874718392,711.2372000157468,744.0706665437555,723.4618688488274
9,1001.70825,1023.6997,1004.0758,208239.25624242422,193623.69454545455,225300.10181818175,0.37215810225745455,0.3762228630888312,0.3659611982310909,271480.1901405165,260715.4807655264,280142.88753815804,75880.19773371305,70346.05358571082,82469.43694665105,28.394358338578186,27.258338802270984,29.895843325845377,13.711486858352087,12.185694828484385,15.899746198357168,540.5707373429631,515.2180024380182,574.9289719298908
10,1001.9563,1017.6479,1004.2323,189086.42909090908,162323.0244848485,171948.74666666664,0.3850450081731602,0.3993810785565368,0.3963756848865801,274145.596878089,268874.25372913294,276557.9141640383,68260.03053153823,57998.14895749658,61569.657982347744,26.23796284112609,23.522679403848514,24.454002111626124,10.683416182574126,9.642651645718017,9.439344813139058,492.8842732083454,435.28312266016223,454.75706162572845
11,1007.10956,1001.585,985.6426,223523.583030303,222929.27418181818,239743.2824242424,0.36305966618719476,0.3718617730265282,0.36630460246803465,272044.9809621167,289959.3658182513,298867.5337744542,81993.32302728615,81250.63274049963,87734.19996945788,29.826587323198083,29.34991380293883,31.361993317443066,15.727046717204827,15.050161678971321,18.224234678964454,573.3218000875986,562.3198909511729,609.4924782144734
12,987.83887,986.3102,993.8974,303862.9624242424,313393.76969696966,287757.9733333333,0.3251545941125541,0.32303236190476187,0.3336916463203463,289649.17215673527,295151.67581874627,288377.95072280633,114651.89185256422,118437.6810124956,107880.24882935168,37.715195811349176,38.828466511135645,36.02467900031627,28.05011641754969,30.027805979599894,25.717893385614758,773.3115635753068,804.8389820705672,727.2008306499075
13,996.91943,1013.3723,999.203,240714.14303030298,218262.6375757576,237955.94181818175,0.36379165230417315,0.3659752550733161,0.36373727534399136,294541.5939408903,271420.82070386165,291050.42289798957,88251.80247422989,79892.60301938734,87244.05577245784,31.296048455609736,29.294184939321553,30.521283450857695,17.592071246525776,15.228738739215201,17.203947582910235,607.9150711086074,561.0403820336912,589.5454814015774
14,997.7826,998.0567,1001.2218,218998.82666666663,196414.09454545454,212823.36,0.3745449679298355,0.3878152195539394,0.3778014593400866,290939.34170795814,291801.4573285368,290269.91491426155,79662.29980692983,70763.7774027959,77232.95637309532,28.931231881366656,26.782919454643533,28.390291654496934,14.905978997472053,12.514838318982003,14.315064534626666,552.7410828495969,504.7622256527948,540.4790231607204
15,998.6389,999.57983,1002.2181,199966.1818181818,204830.39030303032,198200.3781818182,0.3821824901617316,0.3799304970569697,0.38381046731116886,282875.58458370826,284321.97641424503,284306.12981380674,72337.11295054223,74217.64746118731,71613.99008887903,27.319043910633937,27.768628947377195,26.995352182568112,12.793584971785076,13.484314187112156,12.954276463505456,516.5594841418246,526.5406593734934,509.4232740087541
16,987.1228,986.02954,987.3037,290806.61333333334,263397.75030303025,267493.3624242424,0.33621047252640696,0.35451576317489175,0.3416069887445887,295914.9442366094,301748.3268876637,281465.87224620354,108817.66731834465,97229.4887457212,99691.40168036462,35.91300864881465,32.92576125265832,35.05603171675088,26.226966360719622,20.51446220637087,23.042078974511398,724.2253484793487,647.5669900507839,701.6659490555937
17,998.652,991.82166,988.0592,242844.81454545452,262224.08242424246,285043.0739393939,0.36192061160255407,0.3443039038961039,0.3382034909090909,293122.2119921007,280700.7679127036,293623.01607636036,89155.27545313461,97531.54835906389,106502.14107039642,31.073993776472463,34.23799696676117,37.13489389649018,17.56960917224894,22.490362321146165,26.647930763150075,602.6196712929438,680.5691971894794,757.2518585898173
18,999.6322,997.7275,997.4651,199757.79393939395,192425.58545454545,199488.1532121212,0.3791041555341991,0.3882504525845888,0.38529452873142855,275385.5254800226,286989.3583539297,289855.62037844374,72423.02662122619,69305.06851133931,72002.07214952359,27.49617267304083,26.38212669292831,27.062007436946985,11.954642916828922,11.736133500725753,12.421086999069178,520.4821520583937,496.0155537389871,510.88940152479745
19,987.065,1005.5105,989.8993,240109.5709090909,200441.0589090909,211058.7636363636,0.3635561999691082,0.37563549392297835,0.3811165853170563,293294.8350098825,268620.39825756685,295890.3956441234,88045.35189474796,72853.98631925441,76408.74270868012,30.867920393577236,27.770060897585466,28.25232491463916,17.640100988200448,12.244335446022166,14.06245421568553,597.7274662047862,526.5725810162827,537.3716758864048
20,996.88947,1001.41956,999.297,186982.0993939394,194372.37333333332,205442.04606060602,0.3898274210967965,0.383951590568658,0.3804504550465801,282862.4285876373,279154.1539802122,286411.3035598928,67268.0998214802,70223.68941874144,74411.23486524326,25.969545081925972,26.941504860245203,27.924796521510032,10.74959057000268,11.50314032297232,12.981875436140145,487.0747764102889,508.2401341990104,530.0269795707669
21,988.0731,986.6738,983.9983,262143.33575757575,290401.9442424243,264652.4509090909,0.3531762316779221,0.34082051343653685,0.34348478424242423,297571.41135183774,304061.31521920295,281817.59584640793,96862.23036615165,108292.62430439742,98494.77047048413,32.67804339725484,34.80313056725089,34.21998668384511,20.63333857079583,24.00941329143183,22.811669626065953,641.4475663750328,695.0991405431599,680.1093631445902
22,1000.4144,1003.1138,1000.7825,235882.1236363636,214731.03030303027,220182.16727272727,0.36305059120893507,0.3721354959812987,0.3743378216064849,287067.22883853904,279893.9809383741,292029.21951480076,86527.28121674187,78247.02113309257,80104.81986712442,30.745070202503825,28.88290718361027,29.175670429601155,16.9041989487092,13.798468526984507,15.217702439884087,594.8209919696691,551.6404850832591,558.3239779569676
23,1001.166,994.03723,998.7832,181421.41575757574,171945.72218181822,174481.7406060606,0.39006303643636364,0.40154732890735934,0.3949127343116884,275038.54614613013,291080.1712700157,276725.15704483277,65256.54268984697,61341.389846558515,62542.170672833374,25.546085917698548,24.356233848549238,24.742960267106383,10.729422446526735,9.067472946153748,9.616912768616872,477.9632572647797,452.6993924694206,460.85734391665886
24,993.7328,1002.4061,997.82996,195825.2460606061,202442.40387878788,195759.1001212121,0.38715088811948056,0.38105781980017317,0.38707648347324675,289213.98198203335,283670.60860814597,288925.7941160465,70585.41638757143,73292.51569933527,70565.35903161962,26.691959174943264,27.498451853438468,26.793930298705533,12.423682704995246,12.927791468020954,12.680429890771673,502.77177723635606,520.5327085596741,505.0033879434139
25,994.83655,1004.9124,1006.17834,207236.6254545455,198322.0945454546,222352.00775757575,0.3775547687646753,0.3830278667161905,0.36979345621489174,282080.70847101446,282577.4096471702,284614.481594391,75219.01493629371,71698.5171876338,81162.60402206704,27.931079144870353,27.184039649772117,29.48631477898276,13.22315824739799,12.619638638830413,15.466556461122392,530.16744471119,513.578106622031,565.4575123196282
26,993.3243,994.1224,990.00854,266436.65454545454,265610.5745454546,264895.6218181818,0.3521311276658009,0.354200081661039,0.34376112294372296,300307.3492746103,303624.51224418543,282575.4455923784,98524.71002772012,98069.17683081998,98564.99689389947,33.19187935582407,33.21036373120543,34.55082999326541,21.30639707054024,20.81529201977012,22.365248694841146,654.179258594627,654.6400315514245,688.5879567823861
27,990.1466,991.0654,992.32104,290923.5248484848,276224.7854545454,288589.07151515153,0.34156763655064937,0.34092899740259736,0.34077953131671,306043.87314410706,289414.5601064813,302085.39758498047,108426.70802513104,102997.54349022119,107619.88260357136,35.98636747089704,34.88320011902974,35.85380461288695,25.890713602298053,23.635116462434706,25.6421691175741,726.179062290401,697.1738436097386,722.6512494385353
28,997.8712,1005.95435,991.3968,240743.82545454544,229090.0896969697,259093.8618181818,0.3597419876715844,0.3669259504857576,0.3574552881385281,286072.57612592005,286920.56607231434,302938.7042080932,88525.55397910232,83797.54939013306,95433.66329710792,30.987277031088453,29.950388758363133,32.09418680788765,17.666930432520775,16.310954176940154,19.31404475290562,600.5584313797686,576.1963397520088,627.1574424664633
29,1002.8601,1000.9875,1008.73584,203865.22666666668,190664.1503030303,198218.0606060606,0.3791376553219048,0.3835150509970563,0.3835461204744589,281125.91947701795,272802.2689269095,283686.0701330073,73910.3982405159,68905.70151933821,71634.06324976207,27.634418582220718,26.562240678966603,27.200316851995126,13.407760733402592,11.376839164027386,13.006828044567794,523.5525042826168,499.9386859466706,513.9371822777705
30,1004.47064,1006.5689,991.92914,182934.5153939394,184365.95393939392,193194.89939393938,0.3922950885492641,0.38679074072623376,0.38628529071341994,283079.8102734207,271423.5495136699,283157.29865555617,65695.31017471034,66472.16069630133,69680.7867356495,25.41826420670995,25.892780840013486,26.509825226671083,11.217070370194355,11.034082017226243,11.438673202210765,475.22561332634484,485.41821373526466,498.7957366725851
31,990.1558,990.73126,979.7799,248761.78424242427,232680.03878787873,261648.2521212121,0.3597893068924676,0.3652159857823896,0.352389232034632,295699.96734799707,287719.6282493537,295425.8867512512,91470.70909497025,85217.29939110421,96735.55730977301,31.60765971374576,30.156862319172646,32.993730591874254,18.884770778125326,16.472135787507735,20.264230414813355,615.3884045035925,581.0064093201411,649.2520359508432
32,993.17395,993.8955,996.2193,283569.54666666663,295940.0824242424,291659.0739393939,0.3382562476190476,0.3384466974600866,0.3361422084640693,292200.4121667504,305306.95625068527,296658.7380491241,105947.40251397222,110553.55547061953,109142.22756074135,35.49043090155293,36.29084238497556,35.82664449496865,24.426394303930266,26.35256538026328,26.28370739970985,713.0411119613478,734.3269823847024,721.9299109497314
33,1002.21533,1009.1029,997.55634,240446.09939393934,228051.66060606058,263888.6060606061,0.3605911679926407,0.36209675634753247,0.3516359387012987,287459.1897941903,275617.9557081071,296442.64223049645,88360.892327665,83713.458512882,97618.2263672864,31.133212804544925,29.98706409078673,33.028877691639494,17.588318164186074,16.591194572493947,20.34400949028829,604.0294572438974,577.0492761425149,650.1243952594647
34,1001.00354,995.871,1001.6602,213001.6775757576,223106.60266666664,208443.80121212127,0.3790348655948052,0.37401194401800864,0.38015875240311686,293475.3040247526,295142.53147213324,289888.78397037886,77228.53239243003,81188.01428109802,75514.42935429756,28.36550804945128,29.238921222433106,28.03472223865171,14.692584820329609,15.057101641738447,14.082827337023037,539.9202411873838,559.7729309450193,532.4870298637459
35,996.6408,1002.0582,997.4032,218258.83636363636,193770.05090909093,208510.86545454542,0.37265194647951516,0.3824131212640693,0.38055500007376625,285646.0834827076,274648.0630494037,290944.04060909,79502.61423641,70083.98861691536,75517.04403062689,28.921976782628136,26.87415094609159,28.057387990459105,14.961385979015873,11.86725130378687,14.0744209176263,552.5302180524085,506.7618158080487,532.9948959862313
36,1006.7129,984.8241,985.8035,238902.18666666665,256898.64727272728,254494.11393939392,0.3580861235147186,0.35532333593073595,0.35719984155844153,280571.7953539288,295945.73172922217,297028.2814771837,87955.46266550064,94773.93344530155,93757.05262651818,31.21016892275081,32.36724222305149,32.052958169632774,17.316038211983223,19.76911335621322,19.384241151603966,605.8641303479144,633.8175973621093,626.1552909918935
37,988.6727,987.19275,989.5173,298168.6642424243,324832.4218181817,294024.5236363636,0.32573017748917743,0.3158728519480519,0.32809195584415585,285159.9700840415,294029.085566582,285059.8848550819,112454.5059414469,123428.49893790706,110694.33947797578,37.61720843438492,40.02525311536246,37.1568926778248,28.023044973811825,31.35000475689797,27.18356002158726,770.5822486987964,839.8509859881908,757.8561547448018
38,990.9994,996.26904,986.51483,277595.36484848487,265288.44606060605,290616.57696969697,0.3466208668405195,0.34400685783549784,0.33076469913419915,301643.9928194653,283440.28716002445,286205.63153088675,103071.0913829024,98693.11473895638,109191.57126679618,35.04142625799021,34.33212012690022,36.884602202515026,24.007070019652332,22.42900956056465,26.522548091251917,701.2856009459927,682.9755326996652,750.4010817864025
39,997.88916,1006.3002,997.1051,220099.4618181818,205649.62909090912,226206.7103030303,0.3735080945560866,0.3796338463930736,0.3691163341263852,290004.67269132094,284755.61571692413,288050.59922636737,80123.10327494546,74530.51026131363,82610.47825690056,29.094735614955255,27.897127525200446,29.643288308977773,15.072493069423397,13.775982875085262,16.301177195499754,556.4725208059127,529.4085580676425,569.0788357022599
40,1007.1775,1005.9908,997.7757,183526.0984242424,182999.95151515148,193551.13115151512,0.3905801172592208,0.39104029943549784,0.3905690757825108,279544.1039099879,279919.93150840636,294784.331661802,65989.0416044367,65778.09125638388,69594.21668520806,25.71676154140627,25.588956479578826,26.377956401375442,11.3492711987688,11.394033187534847,12.466028394905948,481.6278525687335,478.8827515931925,495.92486421866664
41,996.3833,994.7121,988.35046,266975.4084848485,266613.16848484846,273679.44242424244,0.3515350352928138,0.3522108299497836,0.33903729437229435,299706.4088615088,300668.3647097388,283377.6943930125,98767.47605991863,98584.17141014525,102192.61389300445,33.06493781093921,33.20026183851783,35.45302659346463,21.14480450169258,21.241723913407437,23.694809265947608,651.020139384576,654.3881904962365,712.0568257105605
42,999.26843,991.5332,992.5526,270085.77454545454,277098.6375757575,248356.22303030302,0.3511659198122944,0.34805442619913424,0.35853244016069263,302446.15817025857,303945.0581374099,292595.02238818357,99945.45103053487,102777.24407501948,91406.07014173562,33.492557513037625,33.850924805275426,33.3284189735551,21.210992473049814,22.323761341284776,20.441084543741447,661.6987749318321,670.7295437682977,657.5874784316044
43,998.7766,998.0195,1008.58405,174389.20242424245,190676.43636363637,170347.61212121215,0.39692535604952384,0.38413475399030306,0.39687418713489175,281978.82579804736,274279.01942180656,275307.1020541225,62418.940879350754,68879.28932278375,60974.57225929905,24.621884760619793,26.485962818260106,24.272753993495385,9.875934105648176,10.96708607117282,9.556309100653731,458.29785218143223,498.2757486153206,450.9449576044837
44,998.5056,1007.31885,991.4335,227827.30181818182,188803.76727272727,251975.26787878785,0.3700000053648398,0.3877985482774026,0.3559097809523809,292086.2964361012,280453.5419314635,291455.4385257693,83148.64997300126,68022.75715992026,92917.41656358667,29.869516873900565,26.228353685756744,31.903092347820134,16.35431634797399,11.70550125294316,19.493845818028074,574.3177709554174,492.6758360835456,622.5200646012515
45,1000.803,994.72046,1001.9702,167224.32000000004,166658.65696969695,163951.58303030307,0.40007063003809523,0.4011439857142857,0.40458580689800866,278904.19013574213,280978.785448533,286385.7351827624,59719.95855503731,59472.352116879854,58362.9644501342,23.95969129796744,23.890842196537122,23.593932915872898,8.382637784981359,8.246548498163566,8.373297755090332,444.38597187604444,442.9477964248567,436.7631612071533
46,995.41064,998.183,987.0079,265568.5333333333,258030.60363636364,264144.9987878788,0.34237463809523805,0.3553461334993939,0.3446164696969697,280801.39951694576,297296.58561100694,283325.8221047633,98917.44293908954,95189.92870483553,98223.17543358963,34.79265728972784,32.809166221679504,34.33455784714543,22.659119726460762,19.99722103530975,22.16625453247444,694.828062941204,644.6824707853914,683.0379266903614
47,1004.0947,996.51324,987.0824,242990.26424242425,250744.96969696964,270230.69090909086,0.3566653416393939,0.35713485043281384,0.348262754978355,282544.20694156335,292519.40315349627,296818.67809333064,89554.23890640374,92380.2706919665,100214.40179641733,31.518110667335975,32.088580643027726,33.67700049523869,18.035767209847716,19.247567995648176,21.191188124883464,613.23566309158,627.021119361836,666.3372928252613
48,999.2334,994.5394,996.4137,173653.2829090909,188525.29939393938,194536.9677575758,0.3957837918857143,0.3897242158025974,0.38900985493991347,277713.1728535274,284930.03664410405,292123.4848557345,62206.36889416949,67828.31343449741,70027.20933394355,24.597094430335545,26.11520242581787,26.52802164736309,9.456756746409011,11.04265894053067,12.670098594395933,457.77440577750156,490.2239991786358,499.1924018402535
49,992.95654,996.5737,989.2156,191827.54424242422,185921.30424242423,212482.83151515148,0.38974263210666665,0.38833962978839826,0.3754504092654546,289969.3506620567,277510.1316759242,284334.97889208863,69015.49244108565,66958.14923570292,77241.18226429762,26.384353932118316,26.089879543126443,28.68947011933119,10.799829803881515,9.838658254169003,13.720695689642953,496.06399122544764,489.67593672652663,547.2451647849471
50,987.8974,991.1183,990.87494,287121.94909090915,299632.55272727273,285894.7490909091,0.3443375846580087,0.33595265729350654,0.3346646303030303,307419.4761573203,304416.749238219,288196.80226812453,106789.37804299776,112141.90528813176,107103.59089458968,34.604476592696415,35.521338543966195,35.904928975921194,23.51967924446829,25.21306884522744,25.291454625831143,689.9691119004452,713.8551315337794,724.0103898434454
51,993.5084,995.15625,988.89185,299514.11878787883,295687.80606060603,284850.1139393939,0.3372178827030303,0.3449382397274459,0.33853912425419913,306661.57085861353,317817.2421329322,294034.19726672495,111991.51711254635,109926.1651302768,106403.35750294387,35.41106749793116,35.26048106884876,34.373361015040444,25.30527186564525,24.264422572468163,24.09191393657079,710.9537696345518,707.0044588493957,684.031591050134
52,1004.7589,1019.40027,994.9419,245220.24824242425,240179.136969697,262218.0509090909,0.35633671396727273,0.35569150005627703,0.3507888133274458,284484.9404629862,277390.8409915348,292893.6459754541,90397.99841632142,88581.78168105603,97061.08324333835,31.508252137759456,31.25733187876952,32.85350772163238,18.848809430651194,17.946417287940715,20.961177723064843,612.9989183040175,606.989995318462,645.7785700176678
53,997.32776,1007.65186,998.0465,232488.93575757576,207969.4981818182,231216.54303030303,0.3630204919688311,0.3761800398570563,0.3713387246753247,282875.56669264025,279935.3431408638,299515.84428030194,85284.46091876226,75560.42529268916,84303.22095842709,30.362662296826727,28.181510607063714,29.872652436879818,16.9811102346443,14.058808459340902,16.75105461583019,585.8208723741292,535.7798883231765,574.3905499803557
54,995.6803,990.8158,995.4077,173787.88848484852,181381.48072727275,166715.31636363632,0.3973824096692641,0.3957056410299567,0.40574216015930736,282258.11956269084,289855.05147562094,294785.941493754,62183.36773180831,64978.41500211422,59297.971238460654,24.56749909810098,25.310083853498952,23.84152003700622,9.013366261450628,9.524147505959672,8.756344631762449,457.1497734872627,472.9131740265328,441.9184565708605
55,1006.67664,1003.1492,1010.40796,242742.28848484845,251719.07393939391,213377.7890909091,0.3598545223022511,0.35741421439203463,0.3679053889028268,288678.9409506428,294231.14520859596,269223.4342726029,89253.03571218878,92720.06704752796,77994.35210283649,31.534029505197424,32.09063726913445,28.87780201802198,17.970010269974445,19.29470671402412,14.423441518254855,613.6180468801889,627.0711276600568,551.5242744799541
56,996.27966,992.28503,985.3617,260546.96242424237,286035.2484848485,269545.38666666666,0.3511294275179221,0.3471188985998268,0.34351863376623376,291692.9317417751,311827.5638880726,287089.9723868666,96418.21024610402,106165.55405100055,100313.22971348024,32.44912414902892,34.573984239542014,34.51736931151113,20.94123641480668,23.30815149100532,22.40733775126769,635.8226326172174,689.1838543032391,687.727398550365
57,986.1626,990.10925,988.86646,307297.30424242426,295160.4121212122,304727.0400000001,0.324518683982684,0.33694014727826843,0.32620807532467533,291861.3704075681,301689.2337327977,292233.60115771234,116003.38596901274,110386.5467433592,114886.58743289526,38.33515530365486,36.496396265813175,38.17274602628282,29.321507710373663,27.198878688913812,28.85106044563956,790.7491639563193,739.8637437427528,786.1524621541814
58,988.8696,1001.42224,991.4243,258726.85575757574,229354.28072727274,254791.20969696966,0.35498840795021647,0.3687516292188875,0.35394570718614715,297363.41775669093,291247.1463611218,290749.4247381266,95471.98125073615,83782.2859280027,94092.10736614112,32.58519765179511,29.83279560581387,32.42455604971768,20.040717235302825,15.96617089362855,19.81795468056015,639.1627274147062,573.4657800555248,635.2206536570968
59,1001.62177,1001.7972,995.9017,166643.48896969698,193759.38424242422,197575.01090909087,0.3944306888761905,0.3872608159047619,0.38491447126025974,263087.0139496331,286441.9408942193,286127.7942191674,59753.23488613101,69835.24007201764,71331.12369361676,24.03780465055891,26.603237757439075,26.97926039255678,7.325947039167957,12.22347093999094,11.569887138542338,446.01952768880784,500.833379786247,509.0695846950487
60,987.23535,992.158,994.3893,247777.12000000002,232918.4436363636,244492.74181818188,0.3581678665742857,0.3691167809505801,0.36058231114285716,291162.4162256282,296598.3025784439,292278.480851769,91217.41358267062,85061.5692091101,89848.56697600814,31.617429658055926,30.118212252130164,31.225998443430868,18.599707276344283,16.339064056042425,18.40977919099602,615.623522417808,580.1044778910023,606.241884306696
61,1013.1979,1005.78296,998.3613,218507.19515151513,197202.58909090908,192344.55757575756,0.36391719433523806,0.3777729670559308,0.39139427783549785,267615.4836805816,268902.03738200926,295172.5344090963,80102.8083152855,71565.7056010824,69119.35769743698,29.443087845404634,27.394368387691983,26.368038079789983,15.229815816289257,11.755448838815521,12.16712204152271,564.4622541599878,518.2260726426151,495.7092010821739
62,994.2031,988.1787,990.69714,287745.39636363636,321959.5781818182,302855.41333333333,0.3428836187445887,0.3228728935064935,0.3262428067532467,305235.93833697936,302945.89438763785,290496.76320761687,107137.13100195484,121689.53637276936,114177.96642937078,35.75584471750534,39.31932478929136,37.511780590274554,25.467705823030443,30.429763459471015,27.532355144697863,720.0518761602108,819.0539065286164,767.6537109278623
63,985.21387,990.7113,984.7134,309812.1406060606,293833.89575757575,289094.02666666673,0.32265754025974025,0.3306844136796537,0.3295018251082251,291161.83932095685,289236.90384262666,282597.38151661697,117117.29271403862,110407.0554734523,108722.68890760405,38.59566019484757,36.88389717925536,37.16252717896354,29.63482749661895,26.130210344371537,27.236143320361823,798.1655068030145,750.3818480322142,758.0109884048188
64,1014.4308,1004.90857,1003.70276,202585.29939393935,206981.11515151517,192832.1939393939,0.37524302177108226,0.37707831425454547,0.39003449135030305,270639.90363490756,280640.9000661478,292261.631711077,73654.36369676811,75152.26730716486,69362.37738679184,27.930455138405947,28.100137201249282,26.403744424183515,12.756811966639896,13.390050206672345,12.429120774997616,530.1534926183023,533.9533506559346,496.4857701509298
65,999.9242,995.1366,985.8375,238185.2887272727,211693.44581818182,254033.0036363636,0.3592672903709091,0.3755719261309091,0.3541013281385281,282077.62236538524,283555.309285081,290193.41573989025,87615.32423188013,76947.4288464199,93801.32725576035,30.78124334465103,28.391635510431286,32.6441337931486,18.3779346490176,13.399534521292704,20.085342655568148,595.6760294391873,540.5093297888506,640.6125358954839
66,996.0808,996.8672,991.89996,229375.93115151516,253952.68848484845,244107.42303030303,0.369133323835013,0.35557596850259743,0.36100117019324673,292124.1906563683,293063.7487540935,292697.2159522011,83766.83525203425,93669.66307516163,89679.35824612206,29.94994769235703,32.142333308440655,31.109701930896208,15.71707332719074,19.40347350479518,18.119958460843748,576.1860859724238,628.3288931718541,603.4695398519024
67,986.218,995.4139,990.21277,263486.50666666665,281082.77818181826,293059.15151515155,0.3514297123587879,0.34354502060606057,0.3440257161877056,295580.081825165,299428.8189384685,313149.0058833785,97484.35462721062,104604.89744326708,109022.89591095262,32.64936955505138,34.48104689228711,34.91150549902477,20.3277565624306,22.504984945894503,24.01453893660877,640.7414261804932,686.7940228537752,697.9082387927025
68,1000.76385,1000.8175,999.9298,229165.05696969695,229953.86278787878,230111.16121212122,0.368749384702684,0.3606141148945454,0.36948762031535065,291001.88273477147,274960.72338303074,293856.1100080155,83713.30045181191,84503.70324348038,84013.59669068559,29.810893247865053,30.365604678704813,29.885066226786435,15.913394222236994,16.285192206437355,16.073429754402394,572.9579092177574,585.8898527660966,574.6787292948738
69,1001.2089,1003.76575,999.22363,172333.536969697,207659.07878787877,208468.90569696968,0.3968624696190476,0.3759239953582684,0.37826280653333333,278485.0098264582,278940.69094650575,285408.40006858896,61685.93570156401,75461.6822907459,75627.41470957914,24.441680797877197,28.06837492704102,27.96359694154519,9.448595548837252,13.9544721204115,13.9930427833966,454.4975668272117,533.2411547335539,530.8947297125253
70,1002.80347,997.4256,998.053,210573.9781818182,203488.31999999998,206976.09503030303,0.37829411804966234,0.37398287041766237,0.3788769983885714,288364.55944359285,269127.85676363664,284801.52720331,76389.3480441563,74050.53017078144,75052.4141283763,28.20935356499298,27.851709814315726,27.89627807173946,14.323324632274133,12.493558416738153,13.297385208534827,536.4054997680529,528.3941254301666,529.3895771904776
71,997.3268,987.2473,987.77094,265655.86424242426,268951.4036363636,253688.88242424245,0.35378871450735927,0.3489181299567099,0.36072059909489174,302821.8870010956,296694.99011727865,303573.1064986917,98115.70350514255,99691.52228867846,93218.5794030708,33.050933999867084,33.57264789717459,32.23443692278801,20.659600840798937,21.182507444490795,19.204718509338907,650.6721934129865,663.7105159291177,630.573314362891
72,997.7181,992.56335,995.4801,249671.46181818185,252563.89333333328,222120.36945454543,0.3585114745012987,0.3559553125541125,0.3741715233239827,294100.95381488913,292228.63382612035,294210.52017562516,91891.55428732566,93131.34842828904,80819.73963383357,31.691780788700086,32.248116403059115,29.40993698498005,18.74424112675881,19.591707235445558,15.677004030842754,617.41443391005,630.9070497883594,563.6995619921474
73,994.09845,995.4226,996.53503,195007.6993939394,165783.6072727273,192815.6450909091,0.3823238024509091,0.4073117339518615,0.3885423139587879,276192.50034625473,298102.4717602442,288324.13438587275,70536.18661857079,58900.81183619197,69430.9576138102,26.8542916896226,23.846743662582853,26.42565815705828,10.70039532265933,8.319433130574215,11.688333269339548,506.3262709711574,442.02743508716367,496.9626048547638
74,998.5237,996.145,997.403,182131.30181818185,185322.95660606064,178224.25696969696,0.3940286502185282,0.39201047401593075,0.39733915474632037,286447.3938691335,286019.9556658852,289341.49874650635,65325.52318405756,66566.65307675686,63772.7270306301,25.365205030845118,25.784901748159015,24.971903961122607,10.52068091841626,10.61242956233895,10.26272198478194,474.09091483617425,483.0938336144538,465.71079911085735
75,988.4254,999.4088,989.55835,281844.1696969697,264344.8387878788,273896.14060606057,0.33440596536796535,0.35666777124277055,0.341275198961039,283669.80964748486,307380.08829776844,287600.6551520045,105606.60586497397,97424.30843836095,102102.88716969582,36.048794758543295,32.99199957867317,35.054343032994666,25.088956015620436,20.200280108684094,23.257809221071305,727.8445075388634,649.2090897539928,701.6219662359804
76,987.3727,990.73804,991.6655,310546.3369696969,290626.8024242425,306882.7927272727,0.3246019437229437,0.3340086805194805,0.32534777748917754,295087.2086434473,291809.23770971654,292851.3097967748,117222.51293730979,108929.8767947554,115774.43971296758,38.11994026355339,36.097817969758566,37.52504026694882,28.795481233315442,25.640716227925747,27.95860664187616,784.6623040250779,729.1542092663086,768.021578264601
77,993.44336,1006.9387,990.0536,263837.2460606061,253003.75757575757,258417.07636363636,0.3489923454545455,0.3568109116656277,0.3516358398268398,291196.3269398252,294486.7756321257,290295.93587160826,97790.49041664712,93234.71509569779,95594.19362420228,33.35461138252707,32.137746217575895,32.9789598029146,21.028270598686696,18.93662739625557,20.32076039702808,658.2424978615114,628.2172315499719,648.8856288621173
78,987.8825,991.1249,986.0835,242769.43806060604,209382.62787878793,236090.23515151517,0.36351621022926406,0.3807249239328139,0.3656347850987879,296456.9864162472,292576.67064330826,292846.42274551647,89023.30468802655,75823.44037159442,86439.74133041609,30.911784010276108,28.24003301907254,30.70297775605738,17.62289700731843,13.06589224086642,17.253401613284453,598.7670261027442,537.0952230674674,593.8268458133496
79,993.4336,994.5429,996.3376,176081.43903030307,169776.23757575758,199250.16824242423,0.39631938759480523,0.4007881042535065,0.3829948109780087,283051.0528849859,285208.1333901906,283819.56092131784,63051.99247201162,60600.25676268609,72035.76132781041,24.762714146381498,24.210768626419807,27.153940357728757,9.551511091022443,8.804172763017977,12.112332690913412,461.275406167017,449.6437477463816,512.9143910815708
80,1000.9927,1005.0935,990.48175,238964.79030303028,241922.71999999997,282635.6024242425,0.3615029038635498,0.35748682631783546,0.3420404883116883,287568.95387370576,282924.3942265768,298215.2403099596,87757.72333092996,89106.8389430386,105300.69878137704,30.808587032878563,31.497107162557526,34.592094873251696,17.990608712150102,17.78866943635886,23.188329602842266,596.3227888479175,612.7313406764878,689.6501808357729
81,997.5497,999.5364,989.15405,237451.75757575757,242897.4690909091,256747.92242424245,0.36365210677350646,0.363219682251013,0.345159006060606,290252.3243505688,295970.2988074929,276356.53398601455,87064.63928603628,89089.6281257564,95434.04209742721,30.699766524190082,30.97127445004149,34.17011686633542,17.515135417886924,17.552848066794812,22.04566173917813,593.7510380474068,600.178462944111,678.8371244622483
82,987.7224,992.0933,987.2208,310408.89212121215,305363.0642424242,303633.09090909094,0.3258638632034632,0.3263172649350649,0.32708039567099567,297094.0799840017,293027.6519504155,292653.4290191349,117059.11169915403,115116.90012471279,114398.90601185794,38.22794559112785,37.42789584674527,38.109247587666346,28.955947526161296,27.780465186674057,28.778144345991063,787.7124826675563,765.3294943812239,784.3608233031936
83,985.8944,996.78613,991.4778,231590.08,264134.90424242424,256426.11393939398,0.36730168654244155,0.34925753246753244,0.3580117946320346,290872.9256684318,292037.7035152505,300994.61815021926,84688.7275425047,97881.57482410801,94412.32946318957,30.12359448631483,33.26754860566737,31.951280570684915,16.232781437055817,20.985492143965896,19.29234899867601,580.230034471641,656.0667525853122,623.6876498213994
84,997.8441,994.1475,995.7262,165127.81090909088,192106.29818181816,162373.83757575756,0.4016906406891775,0.38483695662891776,0.40739004765021647,279945.89743147773,278020.7558467155,292218.12101158604,58903.08678522013,69360.61940802723,57686.15383022549,23.731395327796633,26.54460055543413,23.46429346542125,8.042593023126065,10.472653615463276,8.042196611304028,439.62300605579566,499.5539162393406,434.0715563439451
85,991.6106,991.9236,996.103,246328.2327272727,273317.0763636364,269200.0678787879,0.36123730810251087,0.33925997316017314,0.3415607584415584,295862.7055525457,283394.54058943427,283179.0757042254,90479.53331173408,102040.33639514596,100330.92656627332,31.2719526501716,35.518294068593036,34.82989415468715,18.12690672435197,23.844686997001666,22.870128867471006,607.3392479602823,713.7749208671723,695.7921698304086
86,997.9153,1002.0905,998.4237,254071.11757575758,236594.90909090912,240397.1684848485,0.35773968567792214,0.3634243448858009,0.364859501761645,297659.86715561873,288722.6483776555,296478.0748166824,93564.00208958295,86764.95691835621,88066.63549418977,31.95390344009921,30.749234236389256,30.848233213834718,19.57850663070153,16.847152499948006,17.436022052523544,623.7512362442404,594.9193860025294,597.2611928987859
87,992.5372,996.2931,988.79266,296617.8327272727,258014.09454545454,283323.5781818181,0.33028856017316016,0.3554117174138528,0.3338444301298701,291296.24676442763,297412.40660554805,284195.0853681571,111486.27508631012,95179.23271231177,106205.6307999248,36.68514636924765,32.27643349525867,36.48178202246217,26.639098435770443,19.757893536676505,25.464417803652875,744.9738283257188,631.5982155959989,739.4691284662105
88,995.4916,994.1144,996.2683,261180.08242424246,276192.89212121215,279341.26060606056,0.34620891073593074,0.3479610987012987,0.3389799948051948,283046.39719814906,302765.59678915475,289137.2206288984,97005.77686767183,102448.39127305376,104311.21513757242,34.11394910701827,33.887321201273124,35.14614511824573,21.708447556772423,21.522800796276055,24.208858642957686,677.406016658795,671.6509526285328,704.0156522120258
89,1001.09705,996.9969,996.0136,161463.55975757574,174247.4666666667,168936.75151515153,0.40308483456034633,0.39861786638337665,0.3999836239317749,277671.64376029215,286453.27740155824,281515.1514119933,57538.77305935318,62292.73586975027,60335.25986564836,23.35721263454417,24.588163165009107,24.122674428301536,7.774541521310702,9.256262513863948,8.2581333169284,431.8523039676364,457.58587343725475,447.79663165499244
90,986.94885,994.04193,998.6121,277008.3733333333,276680.36848484847,287078.9624242424,0.3368742242424242,0.34522021589783547,0.3345787168831169,283021.25772467384,297929.0545917609,289240.25274043146,103603.00479662085,102838.3179255839,107554.15128105364,35.41731860913188,33.62698876936615,36.122922133776115,24.62545112581573,22.285122896559916,25.052936458507006,711.1180312676281,665.077597231501,729.8255236643405
91,997.9698,1004.1521,990.942,253494.94303030308,249510.69575757577,262658.5066666667,0.35561289402519475,0.35871152193264066,0.3507197575757576,292610.3192281548,294327.72246134776,293249.91081786115,93498.27821333475,91818.86358138408,97229.09033998307,31.944667555285108,31.64979378463488,33.111280524843735,19.495775111199613,18.630720627055002,20.673406417562855,623.5273461019477,616.4027318504712,652.1723847303803
92,990.532,989.0763,983.3731,275213.726060606,296524.6933333333,280808.9696969696,0.3386094538528138,0.3417270747819914,0.3339174995670996,284210.91221540584,312250.3874503421,281796.66628034285,102798.36485110727,110501.12161652313,105257.24783882864,33.957851841534165,35.36788205192063,36.25167618224201,22.434191851736205,24.630628156938897,25.51811097317623,673.4387424786088,709.8196730254252,733.2753203413216
93,995.99896,1008.0837,990.4545,234563.89818181816,247078.16727272727,260387.6606060606,0.3669190704635065,0.35579411290467533,0.35237602683982683,293760.9706098624,285561.8128699105,293976.25944707723,85800.21423736529,91119.35393471469,96270.43641646145,30.493380043402098,31.654811420873983,33.036219227316295,16.628914493058296,18.653422912208057,20.269082668550084,588.8893975789312,616.5235866965868,650.306701742078
94,992.32214,993.17456,996.03864,178796.33357575754,180890.28654545455,217599.32606060605,0.398956208418355,0.393854858089697,0.37118759150607794,294915.5852412223,284029.7779844292,281545.5030106479,63903.47764277152,64888.49448549038,79347.03005210267,25.013085734502553,25.39106231940822,29.005044661431583,9.504089062394062,9.085947185966285,14.106224980714963,466.58573851143996,474.6437619938726,554.4241558915179
95,984.45233,996.8573,983.87384,265416.9406060606,267532.0242424242,269024.0678787879,0.3433062823376623,0.3439673506493506,0.3505709435497836,282309.7021860322,285765.0042643791,300057.73784299166,98792.41394753772,99530.70069491031,99596.4222255872,34.49374320142273,34.407593574566434,33.493870500053035,22.601191077331713,22.351183902858857,20.750611694444398,687.1201869328551,684.9089767624748,661.7317250166628
96,984.58167,986.32153,987.7948,290110.59393939393,230232.2181818182,288657.3139393939,0.3406994512824243,0.36990780625316017,0.34053481721419915,303525.4181219966,294960.3297359146,301693.14381218085,108193.74680204925,84032.01191017634,107664.98200295174,35.00805145758591,29.934609584256577,35.934375627325736,24.633592992360327,15.575573902427488,25.792622664168892,700.4169810776516,575.8295664745793,724.7940258035139
97,995.22546,993.5993,986.3338,223114.69575757577,232401.97818181818,260379.84484848485,0.3685870361201732,0.3671524155922511,0.35517315047619047,282968.90602260444,291564.676941493,299644.99642689805,81512.79015110605,84994.90456634329,96068.84727497394,29.404205913283903,30.060374908856318,32.50457221339603,15.429550883481461,16.52344186766212,19.817157099866332,563.567759348795,578.7561129206664,637.1824542711831
98,1003.1958,998.0242,1001.26807,202479.6509090909,177674.29236363637,162231.9903030303,0.3811916282379221,0.3950641725045888,0.40579369698181816,284042.3446962848,282195.1545757906,287015.4563361496,73298.8988527999,63679.61268930513,57701.20845303823,27.53533432655871,25.029876418127614,23.4777944825084,12.410225951187735,9.504932766645146,7.7496061177023154,521.3511223599955,466.9426382703592,434.35162051297596
99,994.3944,992.1614,992.8104,156124.76606060605,160174.88387878786,189017.61454545453,0.4140455132865801,0.4120684876225108,0.3876040708439827,302727.58687036374,303597.8030855774,280285.38038816676,55205.00033189693,56716.40054388336,68109.34708143667,23.20926605926155,23.420934958811216,26.410154315632653,7.840995521032538,7.873243102460458,9.427552043827836,428.7919922760836,433.1725176280576,496.62522826732186
100,991.59827,995.7143,994.0652,304944.35878787877,278947.5103030303,283556.61575757567,0.3255982571428571,0.34569333052813855,0.3357945514285714,291419.4489421539,301291.2654799384,287806.7467964579,115021.40906745908,103644.53177216572,106137.80968575025,37.40853643178633,35.15647108304364,35.61801969579277,27.914679390019735,24.450042547363832,25.170087753784394,764.7938379116321,704.2852334236554,716.4054934322971
101,992.48474,1010.7014,997.32434,276288.6206060606,259688.80484848484,220703.64606060603,0.33895608225108226,0.3469505645021645,0.3741371065688658,285935.06714197464,282794.0353648647,292254.05524486303,103173.14520934777,96398.7883788691,80306.26820481152,35.01079916995428,34.0324461881432,29.169356117190574,24.093888342300076,21.21095251269606,14.593846552567564,700.4884668583452,675.3327661443745,558.1794274134094
102,1003.72003,1002.29675,996.8744,250431.18060606057,220800.35006060606,238190.528,0.3566174108916883,0.3693706623812849,0.36592554481518613,291099.01251316274,281713.5799222031,296092.35613608395,92299.85499060313,80621.10432417269,87190.15794972482,31.874938470765002,29.20405537633482,30.44950652929684,18.923066667378308,15.051696349050145,16.917508576474518,621.8384709253082,558.9740008388595,587.8585743526202
103,991.1135,994.2174,989.95807,241539.6121212121,256215.55393939393,247907.54424242425,0.3639765229567965,0.3580015203463203,0.3623372067611256,295953.33758021635,300725.7009186277,300138.64362543187,88542.4375185022,94335.51807587569,90986.11673089713,30.88714901686626,31.889340208966985,31.399547936380614,17.77007197041968,19.22009368917092,18.271923227087697,598.1830639354672,622.1870789608828,610.3917772812083
104,992.78723,996.40485,998.1782,208130.2593939394,218092.6836363636,228628.70690909086,0.37970308616450216,0.37607234735722944,0.3720893009369004,288356.3298480941,293306.456072708,297901.4637864735,75425.74249526756,79244.62840024885,83314.07684360517,27.898071015212537,28.932956436458838,29.5668373100509,13.765697642780374,14.53620849933827,16.17677719129707,529.4296405230463,552.7803786460095,567.3137322824357
105,990.3343,994.541,989.75696,304077.2218181818,303177.5175757576,290200.78545454546,0.32519007454545457,0.3352265842614719,0.3422321775092641,289912.2394676314,306661.0353141523,306569.46906012896,114729.66318529117,113530.3629920791,108103.79542273434,37.594642981188684,35.797360059865596,34.78392744511248,27.8871795819063,25.91836301716659,23.997692266012173,769.9547357775032,721.152706206053,694.6021628546697
106,997.12,1015.27783,982.89856,266609.05696969695,253449.86666666667,290291.0981818182,0.34331062077922075,0.35452797187099566,0.3342286060606061,283585.5438910957,290376.40423205367,291858.8578356175,99235.81815166611,93556.52741396656,108786.11688551669,34.479162365171916,32.344530079518805,37.4099624024459,22.704315954626228,19.037638865986647,27.563888035243274,686.7456184232228,633.262090850732,764.8332837075803
107,988.137,988.0824,990.0266,269877.4351515151,272906.09939393937,282779.6412121213,0.3422040796536796,0.34126246320346315,0.3430910104623377,285049.0204470067,286538.0855524414,300364.8187455046,100535.17167864289,101734.78602470247,105271.95812098352,34.6352979158989,35.09754429367892,35.474275605643854,23.15871319748261,23.099290605997563,25.249883513502237,690.7634276063575,702.7477424724827,712.6158765063669
108,1001.97,1008.0053,1002.01013,252392.3878787879,240556.94545454546,230894.85575757574,0.3550854682721212,0.3603326355260606,0.3674813291626493,290277.29295491625,287059.3598829251,290392.8609941172,93127.84831226003,88418.42765961378,84423.40338897341,32.02740526887568,31.578921069483883,30.34256255818552,19.230834913806124,17.3488241973966,16.538475977032068,625.5346255610915,614.6970825740143,585.3497705995862
109,998.5281,1000.167,996.8601,189512.38787878785,181134.7064242424,189772.41696969696,0.39162353905246755,0.3942613976900433,0.39329720353593073,291441.496646483,285507.06249056436,296418.9994052003,68090.39318486361,64957.226358105865,68101.91554540182,25.997498411804756,25.307298161842738,26.094812936423367,12.137986509005568,10.730111756549173,11.89023169949647,487.67854256489346,472.8536823059509,489.78269140810846
110,985.7639,990.5563,989.40436,300130.14787878783,295296.2618181818,289403.60242424236,0.3257506623376623,0.3282457714285714,0.33076166406926405,287069.62094779324,286549.2398395061,285005.95608027244,113192.53175011657,111160.24916856355,108736.07582716606,37.226999696307985,36.73236075963818,36.57058471428863,27.83575979043036,27.292364834783378,26.233294792877487,759.7843107399414,746.2559966087332,741.869288159135
111,995.36884,1002.59216,989.8659,263687.99515151506,263134.21090909094,266721.9393939394,0.34298301991341995,0.35493400461861474,0.3415006693506494,279893.29031602823,302315.51993203606,280465.8946100016,98172.49780586005,97102.22417185466,99411.78021291841,34.26294982479247,33.03686959647155,35.03846930264923,22.798102389297927,20.520523453619155,23.156338191370356,681.2066125659946,650.3228533039164,701.2086139359301
112,988.56104,985.2018,988.08716,285575.1515151515,313480.2763636364,297069.6436363637,0.3327764528138528,0.3230202935064935,0.32681592987012986,284624.1416759124,295213.01488422183,285890.0777398215,107135.42804279923,118471.45425592743,111948.32566769121,36.57861481826471,38.321191594688656,37.349059324993775,25.883981606853602,29.242102540918108,27.50741349754378,742.086597835206,790.3531378628859,763.1498932139876
113,991.3277,992.0629,994.70374,296344.19878787885,276563.41818181815,272410.80242424237,0.3284061307359307,0.34538997409800865,0.3505085070138528,287834.8743449072,298130.10353883746,303708.2545442743,111541.26435102553,102781.8786769371,100854.90058355039,37.25650133177214,33.721971975923154,33.59941616626561,26.91865799730837,22.46465940037911,21.654480508774377,760.596767173221,667.4712865636388,664.383723747376
114,995.10077,997.3812,996.62836,175810.7684848485,172676.66909090907,171957.9500606061,0.3964916681021645,0.39811302130978354,0.3979406304391342,283086.3391402745,282464.4053484761,280813.5937616429,62947.303052575946,61753.47288059076,61504.024676137014,24.777578216585425,24.492103793331495,24.454827858163284,9.162371892327178,8.845922359818333,8.954575089855755,461.59007036702053,455.55982891588224,454.77445419375823
115,989.04913,989.65393,989.41565,295418.5648484848,284595.3115151516,278976.73696969694,0.3315001108225108,0.33570786233766237,0.3374135037229437,292204.5095405631,288708.5930836079,285977.76502330723,110934.48751799022,106533.51662431365,104297.11386684535,36.617758589095644,35.72791820447614,35.382067483146855,26.190148529123746,24.955766993742714,24.57777693439607,743.1465494073888,719.312016613151,710.1920638968587
116,987.583,986.3967,987.4565,279014.3321212121,270653.4496969697,250660.6157575758,0.3393018584415584,0.3414210199134199,0.35868060794181816,289377.2649508645,284457.0463134519,295619.5090036165,104164.09503301945,100883.11040274242,92244.12797695192,35.122357907986185,34.66251390429085,32.07231825111258,24.073776214829696,23.3492202845685,19.168375818543794,703.3948968384401,691.4653188796573,626.6257672097121
117,1004.2039,1012.1727,999.04095,230877.53696969693,205507.73236363637,231732.99878787878,0.3642302355645455,0.375496161548052,0.368193816156251,283417.9587403117,275102.27116806473,293022.4162352771,84618.24512860003,74703.12826331254,84685.73532911448,30.05988474924618,28.19603449368391,30.079433913965573,16.54652563402483,12.928949077782145,16.542813103416538,578.7446925408168,536.1061890473353,579.2002622778848
118,990.75824,991.13025,983.8485,258312.91636363635,285561.5272727273,269394.38545454544,0.3587094853267533,0.3414206632034632,0.3429594212121212,304706.60275275103,300124.77565000934,285907.4042453146,95058.18541537422,106439.96141776074,100298.78088624483,32.179615450995385,34.69824267977235,34.64778830691313,19.553571399007073,23.481501438776505,22.546520646184625,629.2368536732345,692.3874524048578,691.0854934140167
119,990.2439,992.83093,992.5477,164296.4353939394,158754.00242424244,159025.06666666665,0.4084621958718615,0.41098803199653683,0.41423279645367966,299141.31645534904,297252.16729295294,309024.6234210452,58324.75868911667,56256.32493835075,56223.086844484445,23.627525550844695,23.222496482591012,23.45678314435969,8.041051445954004,7.726666804795784,8.14980216048253,437.46148638843687,429.0653903243488,433.9157875608893
120,988.3987,990.52344,987.7634,310375.3115151515,292656.989090909,283851.8254545455,0.3262633047619048,0.3316823471861472,0.33481175670995666,297744.9209274238,289786.38920558,286392.2797017183,117011.19619337999,109882.43168849351,106326.53781615743,38.01119670891566,36.40701845290566,36.09353065257922,28.36050959640033,26.189765924058005,25.067491175366886,781.6003794392947,737.4526803639458,729.0396043310373
121,987.41425,990.5331,986.9442,291521.3381818182,286829.58545454545,282033.2460606061,0.3325421731601731,0.3444008985939394,0.3479631659248485,290144.0357484333,307231.4073609997,309172.05883717805,109385.40785184478,106675.61504701841,104614.59674497144,36.26313928282589,34.54856315267877,34.42311550351836,26.11368235866545,23.762172445513688,23.332614782182798,733.583009890844,688.5296352149944,685.3070427843502
122,997.9876,1003.4755,995.74786,237548.99006060607,268432.063030303,254232.9696969697,0.36580307968464065,0.3509557982516017,0.3605294456235498,295025.3869492335,300170.5309357863,303807.221571611,86963.11847365848,99348.94368035803,93431.6307944556,30.508061305464622,33.365092640207095,31.890592857138344,17.023526530405753,21.447993711168188,19.15204165159188,589.2345464219162,658.5047234537865,622.2174056782359
123,996.7919,996.1787,992.5825,200679.50254545454,172491.83515151517,179890.48824242427,0.38429745623272726,0.3961009585717749,0.3980664039196537,289073.8843637797,276697.8289379037,294130.19056810054,72484.24160642119,61776.275595418265,64335.45922356722,27.244195617002887,24.715631089459634,25.159506902367653,12.21032381104441,8.208944876645946,9.642410464792015,514.9056720601355,460.27918041668465,469.7013366829678
124,996.9469,994.31213,993.5271,188501.08606060606,187485.37696969698,174934.07515151516,0.3902364223248485,0.39120603100017315,0.4001253508017316,286222.8832386163,287217.7852830478,291922.719388382,67794.61501425119,67382.31893478388,62470.86200222909,26.110652351393114,25.995067974897665,24.661334100260987,9.725603449488334,9.396493652762498,8.376139074891991,490.12550454756325,487.6260359686564,459.1312509572488
